#--------------------------------------------------------------------------------------#
# STOPPING POWER RATIO TO MATERIAL CONVERSION FOR BRAIN
# Generation with Method C from:
# Material assignment for proton range prediction in Monte Carlo patient simulations using stopping-power datasets,
# Physics in Medicine and Biology, Permatassari et al., 2020, DOI: 10.1088/1361-6560/ab9702
#--------------------------------------------------------------------------------------#

# Topas parameter settings for conversion of Hounsfield Units to materials using the Schneider paper

s:Ge/Patient/ImagingToMaterialConverter = "Schneider"

# Correction Factor for the relative stopping power of Geant4 and the XiO planning system:
dv:Ge/Patient/DensityCorrection = 4096  1	1	1	1	1	1	1	1	1	1	1	1	1	1	1	1	1	1	1	1	1	1	1	1	1	1	1	1	1	1	1	1	1	1	1	1	1	1	1	1	1	1	1	1	1	1	1	1	1	1	1	1	1	1	1	1	1	1	1	1	1	1	1	1	1	1	1	1	1	1	1	1	1	1	1	1	1	1	1	1	1	1	1	1	1	1	1	1	1	1	1	1	1	1	1	1	1	1	1	1	1	1	1	1	1	1	1	1	1	1	1	1	1	1	1	1	1	1	1	1	1	1	1	1	1	1	1	1	1	1	1	1	1	1	1	1	1	1	1	1	1	1	1	1	1	1	1	1	1	1	1	1	1	1	1	1	1	1	1	1	1	1	1	1	1	1	1	1	1	1	1	1	1	1	1	1	1	1	1	1	1	1	1	1	1	1	1	1	1	1	1	1	1	1	1	1	1	1	1	1	1	1	1	1	1	1	1	1	1	1	1	1	1	1	1	1	1	1	1	1	1	1	1	1	1	1	1	1	1	1	1	1	1	1	1	1	1	1	1	1	1	1	1	1	1	1	1	1	1	1	1	1	1	1	1	1	1	1	1	1	1	1	1	1	1	1	1	1	1	1	1	1	1	1	1	1	1	1	1	1	1	1	1	1	1	1	1	1	1	1	1	1	1	1	1	1	1	1	1	1	1	1	1	1	1	1	1	1	1	1	1	1	1	1	1	1	1	1	1	1	1	1	1	1	1	1	1	1	1	1	1	1	1	1	1	1	1	1	1	1	1	1	1	1	1	1	1	1	1	1	1	1	1	1	1	1	1	1	1	1	1	1	1	1	1	1	1	1	1	1	1	1	1	1	1	1	1	1	1	1	1	1	1	1	1	1	1	1	1	1	1	1	1	1	1	1	1	1	1	1	1	1	1	1	1	1	1	1	1	1	1	1	1	1	1	1	1	1	1	1	1	1	1	1	1	1	1	1	1	1	1	1	1	1	1	1	1	1	1	1	1	1	1	1	1	1	1	1	1	1	1	1	1	1	1	1	1	1	1	1	1	1	1	1	1	1	1	1	1	1	1	1	1	1	1	1	1	1	1	1	1	1	1	1	1	1	1	1	1	1	1	1	1	1	1	1	1	1	1	1	1	1	1	1	1	1	1	1	1	1	1	1	1	1	1	1	1	1	1	1	1	1	1	1	1	1	1	1	1	1	1	1	1	1	1	1	1	1	1	1	1	1	1	1	1	1	1	1	1	1	1	1	1	1	1	1	1	1	1	1	1	1	1	1	1	1	1	1	1	1	1	1	1	1	1	1	1	1	1	1	1	1	1	1	1	1	1	1	1	1	1	1	1	1	1	1	1	1	1	1	1	1	1	1	1	1	1	1	1	1	1	1	1	1	1	1	1	1	1	1	1	1	1	1	1	1	1	1	1	1	1	1	1	1	1	1	1	1	1	1	1	1	1	1	1	1	1	1	1	1	1	1	1	1	1	1	1	1	1	1	1	1	1	1	1	1	1	1	1	1	1	1	1	1	1	1	1	1	1	1	1	1	1	1	1	1	1	1	1	1	1	1	1	1	1	1	1	1	1	1	1	1	1	1	1	1	1	1	1	1	1	1	1	1	1	1	1	1	1	1	1	1	1	1	1	1	1	1	1	1	1	1	1	1	1	1	1	1	1	1	1	1	1	1	1	1	1	1	1	1	1	1	1	1	1	1	1	1	1	1	1	1	1	1	1	1	1	1	1	1	1	1	1	1	1	1	1	1	1	1	1	1	1	1	1	1	1	1	1	1	1	1	1	1	1	1	1	1	1	1	1	1	1	1	1	1	1	1	1	1	1	1	1	1	1	1	1	1	1	1	1	1	1	1	1	1	1	1	1	1	1	1	1	1	1	1	1	1	1	1	1	1	1	1	1	1	1	1	1	1	1	1	1	1	1	1	1	1	1	1	1	1	1	1	1	1	1	1	1	1	1	1	1	1	1	1	1	1	1	1	1	1	1	1	1	1	1	1	1	1	1	1	1	1	1	1	1	1	1	1	1	1	1	1	1	1	1	1	1	1	1	1	1	1	1	1	1	1	1	1	1	1	1	1	1	1	1	1	1	1	1	1	1	1	1	1	1	1	1	1	1	1	1	1	1	1	1	1	1	1	1	1	1	1	1	1	1	1	1	1	1	1	1	1	1	1	1	1	1	1	1	1	1	1	1	1	1	1	1	1	1	1	1	1	1	1	1	1	1	1	1	1	1	1	1	1	1	1	1	1	1	1	1	1	1	1	1	1	1	1	1	1	1	1	1	1	1	1	1	1	1	1	1	1	1	1	1	1	1	1	1	1	1	1	1	1	1	1	1	1	1	1	1	1	1	1	1	1	1	1	1	1	1	1	1	1	1	1	1	1	1	1	1	1	1	1	1	1	1	1	1	1	1	1	1	1	1	1	1	1	1	1	1	1	1	1	1	1	1	1	1	1	1	1	1	1	1	1	1	1	1	1	1	1	1	1	1	1	1	1	1	1	1	1	1	1	1	1	1	1	1	1	1	1	1	1	1	1	1	1	1	1	1	1	1	1	1	1	1	1	1	1	1	1	1	1	1	1	1	1	1	1	1	1	1	1	1	1	1	1	1	1	1	1	1	1	1	1	1	1	1	1	1	1	1	1	1	1	1	1	1	1	1	1	1	1	1	1	1	1	1	1	1	1	1	1	1	1	1	1	1	1	1	1	1	1	1	1	1	1	1	1	1	1	1	1	1	1	1	1	1	1	1	1	1	1	1	1	1	1	1	1	1	1	1	1	1	1	1	1	1	1	1	1	1	1	1	1	1	1	1	1	1	1	1	1	1	1	1	1	1	1	1	1	1	1	1	1	1	1	1	1	1	1	1	1	1	1	1	1	1	1	1	1	1	1	1	1	1	1	1	1	1	1	1	1	1	1	1	1	1	1	1	1	1	1	1	1	1	1	1	1	1	1	1	1	1	1	1	1	1	1	1	1	1	1	1	1	1	1	1	1	1	1	1	1	1	1	1	1	1	1	1	1	1	1	1	1	1	1	1	1	1	1	1	1	1	1	1	1	1	1	1	1	1	1	1	1	1	1	1	1	1	1	1	1	1	1	1	1	1	1	1	1	1	1	1	1	1	1	1	1	1	1	1	1	1	1	1	1	1	1	1	1	1	1	1	1	1	1	1	1	1	1	1	1	1	1	1	1	1	1	1	1	1	1	1	1	1	1	1	1	1	1	1	1	1	1	1	1	1	1	1	1	1	1	1	1	1	1	1	1	1	1	1	1	1	1	1	1	1	1	1	1	1	1	1	1	1	1	1	1	1	1	1	1	1	1	1	1	1	1	1	1	1	1	1	1	1	1	1	1	1	1	1	1	1	1	1	1	1	1	1	1	1	1	1	1	1	1	1	1	1	1	1	1	1	1	1	1	1	1	1	1	1	1	1	1	1	1	1	1	1	1	1	1	1	1	1	1	1	1	1	1	1	1	1	1	1	1	1	1	1	1	1	1	1	1	1	1	1	1	1	1	1	1	1	1	1	1	1	1	1	1	1	1	1	1	1	1	1	1	1	1	1	1	1	1	1	1	1	1	1	1	1	1	1	1	1	1	1	1	1	1	1	1	1	1	1	1	1	1	1	1	1	1	1	1	1	1	1	1	1	1	1	1	1	1	1	1	1	1	1	1	1	1	1	1	1	1	1	1	1	1	1	1	1	1	1	1	1	1	1	1	1	1	1	1	1	1	1	1	1	1	1	1	1	1	1	1	1	1	1	1	1	1	1	1	1	1	1	1	1	1	1	1	1	1	1	1	1	1	1	1	1	1	1	1	1	1	1	1	1	1	1	1	1	1	1	1	1	1	1	1	1	1	1	1	1	1	1	1	1	1	1	1	1	1	1	1	1	1	1	1	1	1	1	1	1	1	1	1	1	1	1	1	1	1	1	1	1	1	1	1	1	1	1	1	1	1	1	1	1	1	1	1	1	1	1	1	1	1	1	1	1	1	1	1	1	1	1	1	1	1	1	1	1	1	1	1	1	1	1	1	1	1	1	1	1	1	1	1	1	1	1	1	1	1	1	1	1	1	1	1	1	1	1	1	1	1	1	1	1	1	1	1	1	1	1	1	1	1	1	1	1	1	1	1	1	1	1	1	1	1	1	1	1	1	1	1	1	1	1	1	1	1	1	1	1	1	1	1	1	1	1	1	1	1	1	1	1	1	1	1	1	1	1	1	1	1	1	1	1	1	1	1	1	1	1	1	1	1	1	1	1	1	1	1	1	1	1	1	1	1	1	1	1	1	1	1	1	1	1	1	1	1	1	1	1	1	1	1	1	1	1	1	1	1	1	1	1	1	1	1	1	1	1	1	1	1	1	1	1	1	1	1	1	1	1	1	1	1	1	1	1	1	1	1	1	1	1	1	1	1	1	1	1	1	1	1	1	1	1	1	1	1	1	1	1	1	1	1	1	1	1	1	1	1	1	1	1	1	1	1	1	1	1	1	1	1	1	1	1	1	1	1	1	1	1	1	1	1	1	1	1	1	1	1	1	1	1	1	1	1	1	1	1	1	1	1	1	1	1	1	1	1	1	1	1	1	1	1	1	1	1	1	1	1	1	1	1	1	1	1	1	1	1	1	1	1	1	1	1	1	1	1	1	1	1	1	1	1	1	1	1	1	1	1	1	1	1	1	1	1	1	1	1	1	1	1	1	1	1	1	1	1	1	1	1	1	1	1	1	1	1	1	1	1	1	1	1	1	1	1	1	1	1	1	1	1	1	1	1	1	1	1	1	1	1	1	1	1	1	1	1	1	1	1	1	1	1	1	1	1	1	1	1	1	1	1	1	1	1	1	1	1	1	1	1	1	1	1	1	1	1	1	1	1	1	1	1	1	1	1	1	1	1	1	1	1	1	1	1	1	1	1	1	1	1	1	1	1	1	1	1	1	1	1	1	1	1	1	1	1	1	1	1	1	1	1	1	1	1	1	1	1	1	1	1	1	1	1	1	1	1	1	1	1	1	1	1	1	1	1	1	1	1	1	1	1	1	1	1	1	1	1	1	1	1	1	1	1	1	1	1	1	1	1	1	1	1	1	1	1	1	1	1	1	1	1	1	1	1	1	1	1	1	1	1	1	1	1	1	1	1	1	1	1	1	1	1	1	1	1	1	1	1	1	1	1	1	1	1	1	1	1	1	1	1	1	1	1	1	1	1	1	1	1	1	1	1	1	1	1	1	1	1	1	1	1	1	1	1	1	1	1	1	1	1	1	1	1	1	1	1	1	1	1	1	1	1	1	1	1	1	1	1	1	1	1	1	1	1	1	1	1	1	1	1	1	1	1	1	1	1	1	1	1	1	1	1	1	1	1	1	1	1	1	1	1	1	1	1	1	1	1	1	1	1	1	1	1	1	1	1	1	1	1	1	1	1	1	1	1	1	1	1	1	1	1	1	1	1	1	1	1	1	1	1	1	1	1	1	1	1	1	1	1	1	1	1	1	1	1	1	1	1	1	1	1	1	1	1	1	1	1	1	1	1	1	1	1	1	1	1	1	1	1	1	1	1	1	1	1	1	1	1	1	1	1	1	1	1	1	1	1	1	1	1	1	1	1	1	1	1	1	1	1	1	1	1	1	1	1	1	1	1	1	1	1	1	1	1	1	1	1	1	1	1	1	1	1	1	1	1	1	1	1	1	1	1	1	1	1	1	1	1	1	1	1	1	1	1	1	1	1	1	1	1	1	1	1	1	1	1	1	1	1	1	1	1	1	1	1	1	1	1	1	1	1	1	1	1	1	1	1	1	1	1	1	1	1	1	1	1	1	1	1	1	1	1	1	1	1	1	1	1	1	1	1	1	1	1	1	1	1	1	1	1	1	1	1	1	1	1	1	1	1	1	1	1	1	1	1	1	1	1	1	1	1	1	1	1	1	1	1	1	1	1	1	1	1	1	1	1	1	1	1	1	1	1	1	1	1	1	1	1	1	1	1	1	1	1	1	1	1	1	1	1	1	1	1	1	1	1	1	1	1	1	1	1	1	1	1	1	1	1	1	1	1	1	1	1	1	1	1	1	1	1	1	1	1	1	1	1	1	1	1	1	1	1	1	1	1	1	1	1	1	1	1	1	1	1	1	1	1	1	1	1	1	1	1	1	1	1	1	1	1	1	1	1	1	1	1	1	1	1	1	1	1	1	1	1	1	1	1	1	1	1	1	1	1	1	1	1	1	1	1	1	1	1	1	1	1	1	1	1	1	1	1	1	1	1	1	1	1	1	1	1	1	1	1	1	1	1	1	1	1	1	1	1	1	1	1	1	1	1	1	1	1	1	1	1	1	1	1	1	1	1	1	1	1	1	1	1	1	1	1	1	1	1	1	1	1	1	1	1	1	1	1	1	1	1	1	1	1	1	1	1	1	1	1	1	1	1	1	1	1	1	1	1	1	1	1	1	1	1	1	1	1	1	1	1	1	1	1	1	1	1	1	1	1	1	1	1	1	1	1	1	1	1	1	1	1	1	1	1	1	1	1	1	1	1	1	1	1	1	1	1	1	1	1	1	1	1	1	1	1	1	1	1	1	1	1	1	1	1	1	1	1	1	1	1	1	1	1	1	1	1	1	1	1	1	1	1	1	1	1	1	1	1	1	1	1	1	1	1	1	1	1	1	1	1	1	1	1	1	1	1	1	1	1	1	1	1	1	1	1	1	1	1	1	1	1	1	1	1	1	1	1	1	1	1	1	1	1	1	1	1	1	1	1	1	1	1	1	1	1	1	1	1	1	1	1	1	1	1	1	1	1	1	1	1	1	1	1	1	1	1	1	1	1	1	1	1	1	1	1	1	1	1	1	1	1	1	1	1	1	1	1	1	1	1	1	1	1	1	1	1	1	1	1	1	1	1	1	1	1	1	1	1	1	1	1	1	1	1	1	1	1	1	1	1	1	1	1	1	1	1	1	1	1	1	1	1	1	1	1	1	1	1	1	1	1	1	1	1	1	1	1	1	1	1	1	1	1	1	1	1	1	1	1	1	1	1	1	1	1	1	1	1	1	1	1	1	1	1	1	1	1	1	1	1	1	1	1	1	1	1	1	1	1	1	1	1	1	1	1	1	1	1	1	1	1	1	1	1	1	1	1	1	1	1	1	1	1	1	1	1	1	1	1	1	1	1	1	1	1	1	1	1	1	1	1	1	1	1	1	1	1	1	1	1	1	1	1	1	1	1	1	1	1	1	1	1	1	1	1	1	1	1	1	1	1	1	1	1	1	1	1	1	1	1	1	1	1	1	1	1	1	1	1	1	1	1	1	1	1	1	1	1	1	1	1	1	1	1	1	1	1	1	1	1	1	1	1	1	1	1	1	1	1	1	1	1	1	1	1	1	1	1	1	1	1	1	1	1	1	1	1	1	1	1	1	1	1	1	1	1	1	1	1	1	1	1	1	1	1	1	1	1	1	1	1	1	1	1	1	1	1	1	1	1	1	1	1	1	1	1	1	1	1	1	1	1	1	1	1	1	1	1	1	1	1	1	1	1	1	1	1	1	1	1	1	1	1	1	1	1	1	1	1	1	1	1	1	1	1	1	1	1	1	1	1	1	1	1	1	1	1	1	1	1	1	1	1	1	1	1	1	1	1	1	1	1	1	1	1	1	1	1	1	1	1	1	1	1	1	1	1	1	1	1	1	1	1	1	1	1	1	1	1	1	1	1	1	1	1	1	1	1	1	1	1	1	1	1	1	1	1	1	1	1	1	1	1	1	1	1	1	1	1	1	1	1	1	1	1	1	1	1	1	1	1	1	1	1	1	1	1	1	1	1	1	1	1	1	1	1	1	1	1	1	1	1	1	1	1	1	1	1	1	1	1	1	1	1	1	1	1	1	1	1	1	1	1	1	1	1	1	1	1	1	1	1	1	1	1	1	1	1	1	1	1	1	1	1	1	1	1	1	1	1	1	1	1	1	1	1	1	1	1	1	1	1	1	1	1	1	1	1	1	1	1	1	1	1	1	1	1	1	1	1	1	1	1	1	1	1	1	1	1	1	1	1	1	1	1	1	1	1	1	1	1	1	1	1	1	1	1	1	1	1	1	1	1	1	1	1	1	1	1	1	1	1	1	1	1	1	1	1	1	1	1	1	1	1	1	1	1	1	1	1	1	1	1	1	1	1	1	1	1	1	1	1	1	1	1	1	1	1	1	1	1	1	1	1	1	1	1	1	1	1	1	1	1	1	1	1	1	1	1	1	1	1	1	1	1	1	1	1	1	1	1	1	1	1	1	1	1	1	1	1	1	1	1	1	1	1	1	1	1	1	1	1	1	1	1	1	1	1	1	1	1	1	1	1	1	1	1	1	1	1	1	1	1	1	1	1	1	1	1	1	1	1	1	1	1	1	1	1	1	1	1	1	1	1	1	1	1	1	1	1	1	1	1	1	1	1	1	1	1	1	1	1	1	1	1	1	1	1	1	1	1	1	1	1	1	1	1	1	1	1	1	1	1	1	1	1	1	1	1	1	1	1	1	1	1	1	1	1	1	1	1	1	1	1	1	1	1	1	1	1	1	1	1	1	1	1	1	1	1	1	1	1	1	1	1	1	1	1	1	1	1	1	1	1	1	1	1	1	1	1	1	1	1	1	1	1	1	1	1	1	1	1	1	1	1	1	1	1	1	1	1	1	1	1	1	1	1	1	1	1	1	1	1	1	1	1	1	1	1	1	1	1	1	1	1	1	1	1	1	1	1	1	1	1	1	1	1	1	1	1	1	1	1	1	1	1	1	1	1	1	1	1	1	1	1	1	1	1	1	1	1	1	1	1	1	1	1	1	1	1	1	1	1	1	1	1	1	1	1	1	1	1	1	1	1	1	1	1	1	1	1	1	1	1	1	1	1	1	1	1	1	1	1	1	1	1	1	1	1	1	1	1	1	1	1	1	1	1	1	1	1	1	1	1	1	1	1	1	1	1	1	1	1	1	1	1	1	1	1	1	1	1	1	1	1	1	1	1	1	1	1	1	1	1	1	1	1	1	1	1	1	1	1	1	1	1	1	1	1	1	1	1	1	1	1	1	1	1	1	1	1	1	1	1	1	1	1	1	1	1	1	1	1	1	1	1	1	1	1	1	1	1	1	1	1	1	1	1	1	1	1	1	1	1	1	1	1	1	1	1	1	1	1	1	1	1	1	1	1	1	1	1	1	1	1	1	1	1	1	1	1	1	1   g/cm3

# Formula: Density = (Offset + (Factor*(FactorOffset + HU[-1000,2995] ))) * DensityCorrection
iv:Ge/Patient/SchneiderHounsfieldUnitSections = 41 -1024	-975	-925	-875	-825	-775	-300	-250	-200	-150	-100	-75	-50	-25	0	15	25	40	60	75	90	130	170	200	230	260	295	330	360	390	420	450	480	510	540	570	595	625	650	680	3072
uv:Ge/Patient/SchneiderDensityOffset = 40   0	0	0	0	0	0	0	0	0	0	0	0	0	0	0	0	0	0	0	0	0	0	0	0	0	0	0	0	0	0	0	0	0	0	0	0	0	0	0	0
uv:Ge/Patient/SchneiderDensityFactor = 40   0.001130143208861	0.001102496211045	0.001076169584544	0.001051070947484	0.001027116339772	0.001004229284784	0.000997514665117	0.000990889241530	0.000984351248449	0.000977898966590	0.000971530721454	0.000976124088045	0.000980675004097	0.000989300915085	0.000998079917806	0.000998599315780	0.000999119254622	0.001004167333746	0.001010066160545	0.001016034700368	0.001021241042719	0.001026501016334	0.001031815454196	0.001037185206632	0.001042611141759	0.001048094145958	0.001053635124353	0.001059235001311	0.001064894720955	0.001070615247694	0.001076397566774	0.001082242684840	0.001088151630521	0.001094125455036	0.001100165232816	0.001106272062145	0.001112447065833	0.001118691391895	0.001125006214272	0.001131392733559
uv:Ge/Patient/SchneiderDensityFactorOffset = 40 1000	1000	1000	1000	1000	1000	1000	1000	1000	1000	1000	1000	1000	1000	1000	1000	1000	1000	1000	1000	1000	1000	1000	1000	1000	1000	1000	1000	1000	1000	1000	1000	1000	1000	1000	1000	1000	1000	1000	1000



# Define Materials used for HU
sv:Ge/Patient/SchneiderElements = 25 "Hydrogen" "Helium" "Lithium" "Beryllium" "Bor" "Carbon" "Nitrogen" "Oxygen" "Fluorine" "Neon" "Sodium" "Magnesium" "Aluminum" "Silicon" "Phosphorus" "Sulfur" "Chlorine" "Argon" "Potassium" "Calcium" "Titanium" "Iron" "Zinc" "Iodine" "Barium"
iv:Ge/Patient/SchneiderHUToMaterialSections = 41 -1024	-975	-925	-875	-825	-775	-300	-250	-200	-150	-100	-75	-50	-25	0	15	25	40	60	75	90	130	170	200	230	260	295	330	360	390	420	450	480	510	540	570	595	625	650	680	3072
uv:Ge/Patient/SchneiderMaterialsWeight1 = 25    0	0	0	0	0	0.000124	0.755268	0.231781	0	0	0	0	0	0	0	0	0	0.012827	0	0	0	0	0	0	0
uv:Ge/Patient/SchneiderMaterialsWeight2 = 25    0.0206	0	0	0	0	0.0210992	0.6104144	0.3352248	0	0	0.0004	0	0	0	0.0004	0.0006	0.0006	0.0102616	0.0004	0	0	0	0	0	0
uv:Ge/Patient/SchneiderMaterialsWeight3 = 25    0.0412	0	0	0	0	0.0420744	0.4655608	0.4386686	0	0	0.0008	0	0	0	0.0008	0.0012	0.0012	0.0076962	0.0008	0	0	0	0	0	0
uv:Ge/Patient/SchneiderMaterialsWeight4 = 25    0.0618	0	0	0	0	0.0630496	0.3207072	0.5421124	0	0	0.0012	0	0	0	0.0012	0.0018	0.0018	0.0051308	0.0012	0	0	0	0	0	0
uv:Ge/Patient/SchneiderMaterialsWeight5 = 25    0.0824	0	0	0	0	0.0840248	0.1758536	0.6455562	0	0	0.0016	0	0	0	0.0016	0.0024	0.0024	0.0025654	0.0016	0	0	0	0	0	0
uv:Ge/Patient/SchneiderMaterialsWeight6 = 25    0.103	0	0	0	0	0.105	0.031	0.749	0	0	0.002	0	0	0	0.002	0.003	0.003	0	0.002	0	0	0	0	0	0
uv:Ge/Patient/SchneiderMaterialsWeight7 = 25    0.1056	0	0	0	0	0.2202	0.0252	0.6388	0	0	0.0018	0	0	0	0.0016	0.0026	0.0026	0	0.0016	0	0	0	0	0	0
uv:Ge/Patient/SchneiderMaterialsWeight8 = 25    0.1082	0	0	0	0	0.3354	0.0194	0.5286	0	0	0.0016	0	0	0	0.0012	0.0022	0.0022	0	0.0012	0	0	0	0	0	0
uv:Ge/Patient/SchneiderMaterialsWeight9 = 25    0.1108	0	0	0	0	0.4506	0.0136	0.4184	0	0	0.0014	0	0	0	0.0008	0.0018	0.0018	0	0.0008	0	0	0	0	0	0
uv:Ge/Patient/SchneiderMaterialsWeight10 = 25   0.1134	0	0	0	0	0.5658	0.0078	0.3082	0	0	0.0012	0	0	0	0.0004	0.0014	0.0014	0	0.0004	0	0	0	0	0	0
uv:Ge/Patient/SchneiderMaterialsWeight11 = 25   0.116	0	0	0	0	0.681	0.002	0.198	0	0	0.001	0	0	0	0	0.001	0.001	0	0	0	0	0	0	0	0
uv:Ge/Patient/SchneiderMaterialsWeight12 = 25   0.114	0	0	0	0	0.598	0.007	0.278	0	0	0.001	0	0	0	0	0.001	0.001	0	0	0	0	0	0	0	0
uv:Ge/Patient/SchneiderMaterialsWeight13 = 25   0.112	0	0	0	0	0.517	0.013	0.355	0	0	0.001	0	0	0	0	0.001	0.001	0	0	0	0	0	0	0	0
uv:Ge/Patient/SchneiderMaterialsWeight14 = 25   0.1115	0	0	0	0	0.2585	0.0065	0.6175	0	0	0.003	0	0	0	0	0.0005	0.0025	0	0	0	0	0	0	0	0
uv:Ge/Patient/SchneiderMaterialsWeight15 = 25   0.111	0	0	0	0	0	0	0.88	0	0	0.005	0	0	0	0	0	0.004	0	0	0	0	0	0	0	0
uv:Ge/Patient/SchneiderMaterialsWeight16 = 25   0.10875	0	0	0	0	0.07225	0.01075	0.797	0	0	0.0035	0	0	0	0.00175	0.001	0.0035	0	0.0015	0	0	0	0	0	0
uv:Ge/Patient/SchneiderMaterialsWeight17 = 25   0.1065	0	0	0	0	0.1445	0.0215	0.714	0	0	0.002	0	0	0	0.0035	0.002	0.003	0	0.003	0	0	0	0	0	0
uv:Ge/Patient/SchneiderMaterialsWeight18 = 25   0.102	0	0	0	0	0.143	0.034	0.71	0	0	0.001	0	0	0	0.002	0.003	0.001	0	0.004	0	0	0	0	0	0
uv:Ge/Patient/SchneiderMaterialsWeight19 = 25   0.099	0	0	0	0	0.121	0.028	0.727	0	0	0.003	0	0	0	0.012	0.006	0.002	0	0.002	0	0	0	0	0	0
uv:Ge/Patient/SchneiderMaterialsWeight20 = 25   0.096	0	0	0	0	0.099	0.022	0.744	0	0	0.005	0	0	0	0.022	0.009	0.003	0	0	0	0	0	0	0	0
uv:Ge/Patient/SchneiderMaterialsWeight21 = 25   0.0929	0	0	0	0	0.1018	0.023	0.72855	0	0	0.0048	0.0001	0	0	0.02605	0.0087	0.00285	0	0	0.01125	0	0	0	0	0
uv:Ge/Patient/SchneiderMaterialsWeight22 = 25   0.0898	0	0	0	0	0.1046	0.024	0.7131	0	0	0.0046	0.0002	0	0	0.0301	0.0084	0.0027	0	0	0.0225	0	0	0	0	0
uv:Ge/Patient/SchneiderMaterialsWeight23 = 25   0.0867	0	0	0	0	0.1074	0.025	0.69765	0	0	0.0044	0.0003	0	0	0.03415	0.0081	0.00255	0	0	0.03375	0	0	0	0	0
uv:Ge/Patient/SchneiderMaterialsWeight24 = 25   0.0836	0	0	0	0	0.1102	0.026	0.6822	0	0	0.0042	0.0004	0	0	0.0382	0.0078	0.0024	0	0	0.045	0	0	0	0	0
uv:Ge/Patient/SchneiderMaterialsWeight25 = 25   0.0805	0	0	0	0	0.113	0.027	0.66675	0	0	0.004	0.0005	0	0	0.04225	0.0075	0.00225	0	0	0.05625	0	0	0	0	0
uv:Ge/Patient/SchneiderMaterialsWeight26 = 25   0.0774	0	0	0	0	0.1158	0.028	0.6513	0	0	0.0038	0.0006	0	0	0.0463	0.0072	0.0021	0	0	0.0675	0	0	0	0	0
uv:Ge/Patient/SchneiderMaterialsWeight27 = 25   0.0743	0	0	0	0	0.1186	0.029	0.63585	0	0	0.0036	0.0007	0	0	0.05035	0.0069	0.00195	0	0	0.07875	0	0	0	0	0
uv:Ge/Patient/SchneiderMaterialsWeight28 = 25   0.0712	0	0	0	0	0.1214	0.03	0.6204	0	0	0.0034	0.0008	0	0	0.0544	0.0066	0.0018	0	0	0.09	0	0	0	0	0
uv:Ge/Patient/SchneiderMaterialsWeight29 = 25   0.0681	0	0	0	0	0.1242	0.031	0.60495	0	0	0.0032	0.0009	0	0	0.05845	0.0063	0.00165	0	0	0.10125	0	0	0	0	0
uv:Ge/Patient/SchneiderMaterialsWeight30 = 25   0.065	0	0	0	0	0.127	0.032	0.5895	0	0	0.003	0.001	0	0	0.0625	0.006	0.0015	0	0	0.1125	0	0	0	0	0
uv:Ge/Patient/SchneiderMaterialsWeight31 = 25   0.0619	0	0	0	0	0.1298	0.033	0.57405	0	0	0.0028	0.0011	0	0	0.06655	0.0057	0.00135	0	0	0.12375	0	0	0	0	0
uv:Ge/Patient/SchneiderMaterialsWeight32 = 25   0.0588	0	0	0	0	0.1326	0.034	0.5586	0	0	0.0026	0.0012	0	0	0.0706	0.0054	0.0012	0	0	0.135	0	0	0	0	0
uv:Ge/Patient/SchneiderMaterialsWeight33 = 25   0.0557	0	0	0	0	0.1354	0.035	0.54315	0	0	0.0024	0.0013	0	0	0.07465	0.0051	0.00105	0	0	0.14625	0	0	0	0	0
uv:Ge/Patient/SchneiderMaterialsWeight34 = 25   0.0526	0	0	0	0	0.1382	0.036	0.5277	0	0	0.0022	0.0014	0	0	0.0787	0.0048	0.0009	0	0	0.1575	0	0	0	0	0
uv:Ge/Patient/SchneiderMaterialsWeight35 = 25   0.0495	0	0	0	0	0.141	0.037	0.51225	0	0	0.002	0.0015	0	0	0.08275	0.0045	0.00075	0	0	0.16875	0	0	0	0	0
uv:Ge/Patient/SchneiderMaterialsWeight36 = 25   0.0464	0	0	0	0	0.1438	0.038	0.4968	0	0	0.0018	0.0016	0	0	0.0868	0.0042	0.0006	0	0	0.18	0	0	0	0	0
uv:Ge/Patient/SchneiderMaterialsWeight37 = 25   0.0433	0	0	0	0	0.1466	0.039	0.48135	0	0	0.0016	0.0017	0	0	0.09085	0.0039	0.00045	0	0	0.19125	0	0	0	0	0
uv:Ge/Patient/SchneiderMaterialsWeight38 = 25   0.0402	0	0	0	0	0.1494	0.04	0.4659	0	0	0.0014	0.0018	0	0	0.0949	0.0036	0.0003	0	0	0.2025	0	0	0	0	0
uv:Ge/Patient/SchneiderMaterialsWeight39 = 25   0.0371	0	0	0	0	0.1522	0.041	0.45045	0	0	0.0012	0.0019	0	0	0.09895	0.0033	0.00015	0	0	0.21375	0	0	0	0	0
uv:Ge/Patient/SchneiderMaterialsWeight40 = 25   0.034	0	0	0	0	0.155	0.042	0.435	0	0	0.001	0.002	0	0	0.103	0.003	0	0	0	0.225	0	0	0	0	0



dv:Ge/Patient/SchneiderMaterialMeanExcitationEnergy = 40    88.0003652209	85.0527709075	82.3145482108	79.7654735236	77.3877406396	75.1656208383	72.5890381899	70.1118411663	67.7297971429	65.4388698944	63.2352097637	64.7798275630	66.3200936279	70.8933757794	75.7855675693	74.8652257659	73.9522915858	74.6205516543	76.2964840366	78.0205806706	79.3629596305	80.7365201777	82.1421521582	83.5807752640	85.0533401780	86.5608297683	88.1042603339	89.6846829049	91.3031845990	92.9608900380	94.6589628262	96.3986070944	98.1810691123	100.0076389733	101.8796523544	103.7984923553	105.7655914214	107.7824333531	109.8505554078	111.9715504983  eV


iv:Gr/Color/PatientTissue1 = 3  63  63  63
iv:Gr/Color/PatientTissue2 = 3  83   0   0
iv:Gr/Color/PatientTissue3 = 3  83  30   0
iv:Gr/Color/PatientTissue4 = 3  83  60   0
iv:Gr/Color/PatientTissue5 = 3  83  90   0
iv:Gr/Color/PatientTissue6 = 3  83 120   0
iv:Gr/Color/PatientTissue7 = 3  83 150   0
iv:Gr/Color/PatientTissue8 = 3  83 180   0
iv:Gr/Color/PatientTissue9 = 3 100   0   0
iv:Gr/Color/PatientTissue10= 3 100  30   0
iv:Gr/Color/PatientTissue11 = 3 100  60   0
iv:Gr/Color/PatientTissue12 = 3 100  90   0
iv:Gr/Color/PatientTissue13 = 3 100 120   0
iv:Gr/Color/PatientTissue14 = 3 100 150   0
iv:Gr/Color/PatientTissue15 = 3 100 180   0
iv:Gr/Color/PatientTissue16 = 3 100 210   0
iv:Gr/Color/PatientTissue17 = 3 100 240   0
iv:Gr/Color/PatientTissue18 = 3 150   0   0
iv:Gr/Color/PatientTissue19= 3 150  30   0
iv:Gr/Color/PatientTissue20 = 3 150  60   0
iv:Gr/Color/PatientTissue21 = 3 150  90   0
iv:Gr/Color/PatientTissue22 = 3 150 120   0
iv:Gr/Color/PatientTissue23 = 3 150 150   0
iv:Gr/Color/PatientTissue24 = 3 150 180   0
iv:Gr/Color/PatientTissue25 = 3 150 210   0
iv:Gr/Color/PatientTissue26= 3 150 240   0
iv:Gr/Color/PatientTissue27= 3 200 200   0
iv:Gr/Color/PatientTissue28= 3 200 200  30
iv:Gr/Color/PatientTissue29= 3 200 200  60
iv:Gr/Color/PatientTissue30= 3 200 200  90
iv:Gr/Color/PatientTissue31= 3 200 200 120
iv:Gr/Color/PatientTissue32= 3 200 200 150
iv:Gr/Color/PatientTissue33= 3 200 200 180
iv:Gr/Color/PatientTissue34= 3 200 200 210
iv:Gr/Color/PatientTissue35= 3 200 200 240
iv:Gr/Color/PatientTissue36= 3 230 200 240
iv:Gr/Color/PatientTissue37= 3 230 230 240
iv:Gr/Color/PatientTissue38= 3 230 230 240
iv:Gr/Color/PatientTissue39= 3 240 240 240
iv:Gr/Color/PatientTissue40= 3 255 255 255

